// abc*n

0       1       2       3       4       5       6       7       8       9       10      11      12

// Group

1
1       3       3       1
1       3       6       11      12      6       1
1       3       6       12      24      42      48      30      9       1
1       3       6       12      24      48      95      162     192     139     57      12      1

// Monoid

1
1       3       3       1
1       3       9       17      15      6       1
1       3       9       27      66      96      78      36      9       1 
1       3       9       27      81      222     435     540     423     211     66      12      1